1.723932981491088867e+00 2.433053731918334961e+00 -6.403472423553466797e-01 -1.772020339965820312e+00 -5.503472685813903809e-01 -1.098228216171264648e+00 1.100908160209655762e+00 -9.412485957145690918e-01 -1.301948785781860352e+00 1.301375031471252441e+00 4.807931482791900635e-01 -9.047563076019287109e-01 -2.750741243362426758e-01 1.271486878395080566e+00 -1.562208175659179688e+00 -5.633118748664855957e-01 6.372921466827392578e-01 1.926213264465332031e+00 -9.470602869987487793e-02 9.717423319816589355e-01 -1.794099062681198120e-01 7.707797288894653320e-01 -2.619549274444580078e+00 -2.404157876968383789e+00 9.689353108406066895e-01 -3.573357760906219482e-01 2.195968389511108398e+00 -1.302378535270690918e+00 7.606144547462463379e-01 1.040602564811706543e+00 2.004505693912506104e-01 -9.784111380577087402e-02 -2.416046559810638428e-01 1.162136793136596680e+00 -1.694113850593566895e+00 -6.174116209149360657e-02 1.534573435783386230e+00 -1.517432212829589844e+00 -5.891783237457275391e-01 -6.844464540481567383e-01 -6.331021189689636230e-01 4.705998674035072327e-02 -1.716969490051269531e+00 -1.326573252677917480e+00 5.889939069747924805e-01 -7.268583178520202637e-01 6.123955249786376953e-01 1.832208633422851562e+00 -8.084012269973754883e-01 7.464334368705749512e-02 5.856032371520996094e-01 -5.186050534248352051e-01 -1.042741179466247559e+00 -4.305208921432495117e-01 4.980311393737792969e-01 1.877468824386596680e+00 -4.449576139450073242e-01 -2.151237875223159790e-01 -1.490059733390808105e+00 -2.169815778732299805e+00 3.279046118259429932e-01 -3.650404810905456543e-01 -3.436441421508789062e-01 8.419659137725830078e-01 5.314583182334899902e-01 -8.091776967048645020e-01 -4.328842163085937500e-01 -1.577145934104919434e+00 -4.491751194000244141e-01 6.229126453399658203e-01 1.253271698951721191e+00 7.231262922286987305e-01 1.115553736686706543e+00 -4.635076522827148438e-01 1.085041880607604980e+00 4.413814544677734375e-01 -1.003365814685821533e-01 -5.414833426475524902e-01 5.200599431991577148e-01 1.610102057456970215e-01 -1.142598509788513184e+00 -2.158763885498046875e+00 -1.759274482727050781e+00 1.351028531789779663e-01 -1.146512627601623535e+00 1.892134696245193481e-01 -9.097557067871093750e-01 -2.038430124521255493e-01 -2.101840496063232422e+00 3.418872654438018799e-01 -5.709835290908813477e-01 -1.369432210922241211e+00 1.205733180046081543e+00 1.485777020454406738e+00 -8.186891078948974609e-01 -2.544997453689575195e+00 -1.313794612884521484e+00 -7.730740904808044434e-01 -4.984627664089202881e-01 -6.403619647026062012e-01
1.310460686683654785e+00 2.325716257095336914e+00 -4.362406134605407715e-01 -1.562113285064697266e+00 -3.757776618003845215e-01 -9.960238933563232422e-01 7.965774536132812500e-01 -7.483021616935729980e-01 -9.939739108085632324e-01 1.082125663757324219e+00 3.402176797389984131e-01 -6.758112311363220215e-01 -1.750990152359008789e-01 1.077008962631225586e+00 -1.150246262550354004e+00 -3.061154186725616455e-01 5.615302920341491699e-01 1.732425928115844727e+00 -2.062701135873794556e-01 7.498606443405151367e-01 -3.427349030971527100e-01 6.986859440803527832e-01 -2.470832347869873047e+00 -2.052064895629882812e+00 8.306670188903808594e-01 -1.300751417875289917e-01 1.680344700813293457e+00 -1.035270094871520996e+00 5.569920539855957031e-01 8.653300404548645020e-01 2.422609329223632812e-01 -1.295574009418487549e-01 -1.265087872743606567e-01 8.169793486595153809e-01 -1.416478633880615234e+00 -8.240033872425556183e-03 1.279236316680908203e+00 -1.503215432167053223e+00 -6.518484354019165039e-01 -7.771304845809936523e-01 -4.638066887855529785e-01 4.871108010411262512e-02 -1.589999675750732422e+00 -1.204988837242126465e+00 5.315040349960327148e-01 -5.881147384643554688e-01 4.284185171127319336e-01 1.692280650138854980e+00 -9.051721692085266113e-01 -1.132887080311775208e-01 4.018212556838989258e-01 -4.491121470928192139e-01 -9.669908881187438965e-01 -2.935511469841003418e-01 4.072179794311523438e-01 1.880178689956665039e+00 -4.249618947505950928e-01 -1.561866551637649536e-01 -1.306930184364318848e+00 -1.953872680664062500e+00 3.803761601448059082e-01 -3.286847770214080811e-01 -4.331293404102325439e-01 7.764754891395568848e-01 3.137575685977935791e-01 -8.005624413490295410e-01 -3.064568936824798584e-01 -1.456427574157714844e+00 -3.731933236122131348e-01 5.090636610984802246e-01 1.202172517776489258e+00 6.022769808769226074e-01 1.103924155235290527e+00 -5.015762448310852051e-01 9.590904116630554199e-01 3.338197469711303711e-01 -9.518077224493026733e-02 -5.123788118362426758e-01 3.447493910789489746e-01 3.339871168136596680e-01 -1.065761566162109375e+00 -1.894412755966186523e+00 -1.635419726371765137e+00 -9.896609932184219360e-03 -9.946465492248535156e-01 1.649947166442871094e-01 -6.646426916122436523e-01 -1.182938367128372192e-01 -1.805768728256225586e+00 3.767449259757995605e-01 -4.758117198944091797e-01 -1.263893961906433105e+00 1.106001496315002441e+00 1.291148424148559570e+00 -7.935405373573303223e-01 -2.124262809753417969e+00 -1.017222881317138672e+00 -4.621698260307312012e-01 -4.802029728889465332e-01 -5.079821348190307617e-01
8.969883918762207031e-01 2.218378543853759766e+00 -2.321339696645736694e-01 -1.352206230163574219e+00 -2.012080401182174683e-01 -8.938195705413818359e-01 4.922466874122619629e-01 -5.553557276725769043e-01 -6.859990358352661133e-01 8.628762960433959961e-01 1.996422111988067627e-01 -4.468661248683929443e-01 -7.512389123439788818e-02 8.825311064720153809e-01 -7.382844090461730957e-01 -4.891895502805709839e-02 4.857684075832366943e-01 1.538638710975646973e+00 -3.178341984748840332e-01 5.279789566993713379e-01 -5.060598850250244141e-01 6.265920996665954590e-01 -2.322115421295166016e+00 -1.699972152709960938e+00 6.923987865447998047e-01 9.718549996614456177e-02 1.164720892906188965e+00 -7.681617736816406250e-01 3.533696830272674561e-01 6.900575160980224609e-01 2.840712964534759521e-01 -1.612736880779266357e-01 -1.141291484236717224e-02 4.718219339847564697e-01 -1.138843417167663574e+00 4.526109248399734497e-02 1.023899078369140625e+00 -1.488998651504516602e+00 -7.145185470581054688e-01 -8.698145151138305664e-01 -2.945112287998199463e-01 5.036217719316482544e-02 -1.463029980659484863e+00 -1.083404302597045898e+00 4.740142226219177246e-01 -4.493711292743682861e-01 2.444414794445037842e-01 1.552352666854858398e+00 -1.001943111419677734e+00 -3.012207448482513428e-01 2.180393040180206299e-01 -3.796192407608032227e-01 -8.912406563758850098e-01 -1.565814316272735596e-01 3.164047896862030029e-01 1.882888555526733398e+00 -4.049662053585052490e-01 -9.724951535463333130e-02 -1.123800754547119141e+00 -1.737929582595825195e+00 4.328476786613464355e-01 -2.923290431499481201e-01 -5.226145386695861816e-01 7.109850645065307617e-01 9.605684131383895874e-02 -7.919471859931945801e-01 -1.800295710563659668e-01 -1.335709095001220703e+00 -2.972115278244018555e-01 3.952146470546722412e-01 1.151073455810546875e+00 4.814276993274688721e-01 1.092294573783874512e+00 -5.396448373794555664e-01 8.331390023231506348e-01 2.262580096721649170e-01 -9.002495557069778442e-02 -4.832742512226104736e-01 1.694388240575790405e-01 5.069640278816223145e-01 -9.889245629310607910e-01 -1.630061626434326172e+00 -1.511564970016479492e+00 -1.548960655927658081e-01 -8.427805304527282715e-01 1.407759487628936768e-01 -4.195296168327331543e-01 -3.274465724825859070e-02 -1.509696960449218750e+00 4.116025865077972412e-01 -3.806399106979370117e-01 -1.158355712890625000e+00 1.006269931793212891e+00 1.096519827842712402e+00 -7.683919072151184082e-01 -1.703528285026550293e+00 -7.206512093544006348e-01 -1.512655764818191528e-01 -4.619431495666503906e-01 -3.756022453308105469e-01
4.835160970687866211e-01 2.111041069030761719e+00 -2.802733518183231354e-02 -1.142299294471740723e+00 -2.663842774927616119e-02 -7.916151881217956543e-01 1.879159659147262573e-01 -3.624092638492584229e-01 -3.780241906642913818e-01 6.436269283294677734e-01 5.906673148274421692e-02 -2.179210186004638672e-01 2.485122345387935638e-02 6.880532503128051758e-01 -3.263225555419921875e-01 2.082775086164474487e-01 4.100065231323242188e-01 1.344851374626159668e+00 -4.293982684612274170e-01 3.060972690582275391e-01 -6.693848967552185059e-01 5.544983148574829102e-01 -2.173398256301879883e+00 -1.347879290580749512e+00 5.541304945945739746e-01 3.244461417198181152e-01 6.490972042083740234e-01 -5.010533928871154785e-01 1.497472971677780151e-01 5.147849917411804199e-01 3.258816301822662354e-01 -1.929899901151657104e-01 1.036829575896263123e-01 1.266645193099975586e-01 -8.612082600593566895e-01 9.876222163438796997e-02 7.685619592666625977e-01 -1.474781990051269531e+00 -7.771885991096496582e-01 -9.624986052513122559e-01 -1.252157837152481079e-01 5.201327055692672729e-02 -1.336060166358947754e+00 -9.618198871612548828e-01 4.165243506431579590e-01 -3.106275200843811035e-01 6.046446040272712708e-02 1.412424683570861816e+00 -1.098714113235473633e+00 -4.891528189182281494e-01 3.425733372569084167e-02 -3.101263046264648438e-01 -8.154903650283813477e-01 -1.961169578135013580e-02 2.255916297435760498e-01 1.885598301887512207e+00 -3.849704861640930176e-01 -3.831237554550170898e-02 -9.406712651252746582e-01 -1.521986603736877441e+00 4.853192269802093506e-01 -2.559733390808105469e-01 -6.120997667312622070e-01 6.454946398735046387e-01 -1.216439008712768555e-01 -7.833319306373596191e-01 -5.360223725438117981e-02 -1.214990735054016113e+00 -2.212297320365905762e-01 2.813656330108642578e-01 1.099974393844604492e+00 3.605783879756927490e-01 1.080664992332458496e+00 -5.777134299278259277e-01 7.071875333786010742e-01 1.186962947249412537e-01 -8.486914634704589844e-02 -4.541696906089782715e-01 -5.871733184903860092e-03 6.799409389495849609e-01 -9.120875597000122070e-01 -1.365710496902465820e+00 -1.387710213661193848e+00 -2.998955249786376953e-01 -6.909144520759582520e-01 1.165571957826614380e-01 -1.744165867567062378e-01 5.280451849102973938e-02 -1.213625192642211914e+00 4.464602768421173096e-01 -2.854681015014648438e-01 -1.052817463874816895e+00 9.065382480621337891e-01 9.018912911415100098e-01 -7.432433366775512695e-01 -1.282793641090393066e+00 -4.240795075893402100e-01 1.596386879682540894e-01 -4.436833560466766357e-01 -2.432224005460739136e-01
7.004380226135253906e-02 2.003703594207763672e+00 1.760793030261993408e-01 -9.323922395706176758e-01 1.479311883449554443e-01 -6.894108653068542480e-01 -1.164147704839706421e-01 -1.694628000259399414e-01 -7.004931569099426270e-02 4.243775904178619385e-01 -8.150874078273773193e-02 1.102407742291688919e-02 1.248263418674468994e-01 4.935753941535949707e-01 8.563932031393051147e-02 4.654739499092102051e-01 3.342446386814117432e-01 1.151064038276672363e+00 -5.409623384475708008e-01 8.421558141708374023e-02 -8.327099084854125977e-01 4.824044704437255859e-01 -2.024681329727172852e+00 -9.957863688468933105e-01 4.158622622489929199e-01 5.517067909240722656e-01 1.334734708070755005e-01 -2.339449822902679443e-01 -5.387509614229202271e-02 3.395124971866607666e-01 3.676919937133789062e-01 -2.247062772512435913e-01 2.187788188457489014e-01 -2.184929102659225464e-01 -5.835730433464050293e-01 1.522633433341979980e-01 5.132247805595397949e-01 -1.460565209388732910e+00 -8.398587107658386230e-01 -1.055182576179504395e+00 4.407965391874313354e-02 5.366436764597892761e-02 -1.209090352058410645e+00 -8.402354121208190918e-01 3.590345084667205811e-01 -1.718839257955551147e-01 -1.235125586390495300e-01 1.272496700286865234e+00 -1.195485115051269531e+00 -6.770848631858825684e-01 -1.495246291160583496e-01 -2.406333982944488525e-01 -7.397401332855224609e-01 1.173580363392829895e-01 1.347784548997879028e-01 1.888308167457580566e+00 -3.649747669696807861e-01 2.062476240098476410e-02 -7.575417160987854004e-01 -1.306043505668640137e+00 5.377907752990722656e-01 -2.196176201105117798e-01 -7.015849947929382324e-01 5.800042152404785156e-01 -3.393446505069732666e-01 -7.747166752815246582e-01 7.282508909702301025e-02 -1.094272375106811523e+00 -1.452479362487792969e-01 1.675166338682174683e-01 1.048875212669372559e+00 2.397291064262390137e-01 1.069035410881042480e+00 -6.157820224761962891e-01 5.812360644340515137e-01 1.113457139581441879e-02 -7.971333712339401245e-02 -4.250651299953460693e-01 -1.811822950839996338e-01 8.529178500175476074e-01 -8.352505564689636230e-01 -1.101359367370605469e+00 -1.263855457305908203e+00 -4.448949992656707764e-01 -5.390483736991882324e-01 9.233844280242919922e-02 7.069645822048187256e-02 1.383536905050277710e-01 -9.175533652305603027e-01 4.813179373741149902e-01 -1.902963072061538696e-01 -9.472792744636535645e-01 8.068066239356994629e-01 7.072626948356628418e-01 -7.180947661399841309e-01 -8.620591163635253906e-01 -1.275077909231185913e-01 4.705429375171661377e-01 -4.254235625267028809e-01 -1.108425408601760864e-01
-3.434284925460815430e-01 1.896366000175476074e+00 3.801859319210052490e-01 -7.224851846694946289e-01 3.225007951259613037e-01 -5.872065424919128418e-01 -4.207454919815063477e-01 2.348364144563674927e-02 2.379255592823028564e-01 2.051282227039337158e-01 -2.220842093229293823e-01 2.399691790342330933e-01 2.248014509677886963e-01 2.990975081920623779e-01 4.976011812686920166e-01 7.226704359054565430e-01 2.584827840328216553e-01 9.572767615318298340e-01 -6.525264382362365723e-01 -1.376661062240600586e-01 -9.960349202156066895e-01 4.103106558322906494e-01 -1.875964403152465820e+00 -6.436935067176818848e-01 2.775939702987670898e-01 7.789674401283264160e-01 -3.821502625942230225e-01 3.316340222954750061e-02 -2.574974894523620605e-01 1.642399728298187256e-01 4.095023572444915771e-01 -2.564225792884826660e-01 3.338747024536132812e-01 -5.636503100395202637e-01 -3.059378564357757568e-01 2.057644724845886230e-01 2.578876316547393799e-01 -1.446348428726196289e+00 -9.025288224220275879e-01 -1.147866725921630859e+00 2.133750915527343750e-01 5.531546100974082947e-02 -1.082120656967163086e+00 -7.186509370803833008e-01 3.015446662902832031e-01 -3.314032033085823059e-02 -3.074895739555358887e-01 1.132568597793579102e+00 -1.292255997657775879e+00 -8.650169372558593750e-01 -3.333066105842590332e-01 -1.711404919624328613e-01 -6.639898419380187988e-01 2.543277740478515625e-01 4.396529123187065125e-02 1.891018033027648926e+00 -3.449790775775909424e-01 7.956189662218093872e-02 -5.744122266769409180e-01 -1.090100407600402832e+00 5.902622938156127930e-01 -1.832619011402130127e-01 -7.910701632499694824e-01 5.145137906074523926e-01 -5.570454001426696777e-01 -7.661014199256896973e-01 1.992524117231369019e-01 -9.735540151596069336e-01 -6.926613301038742065e-02 5.366762354969978333e-02 9.977760910987854004e-01 1.188798025250434875e-01 1.057405829429626465e+00 -6.538506746292114258e-01 4.552846252918243408e-01 -9.642715007066726685e-02 -7.455752789974212646e-02 -3.959605991840362549e-01 -3.564928472042083740e-01 1.025894761085510254e+00 -7.584136128425598145e-01 -8.370082378387451172e-01 -1.140000581741333008e+00 -5.898944735527038574e-01 -3.871823251247406006e-01 6.811968237161636353e-02 3.158094882965087891e-01 2.239028811454772949e-01 -6.214815378189086914e-01 5.161756277084350586e-01 -9.512449800968170166e-02 -8.417410254478454590e-01 7.070749402046203613e-01 5.126340985298156738e-01 -6.929461359977722168e-01 -4.413245022296905518e-01 1.690639108419418335e-01 7.814471721649169922e-01 -4.071637392044067383e-01 2.153731696307659149e-02
-7.569007873535156250e-01 1.789028525352478027e+00 5.842925906181335449e-01 -5.125781893730163574e-01 4.970704019069671631e-01 -4.850021898746490479e-01 -7.250762581825256348e-01 2.164300829172134399e-01 5.459004044532775879e-01 -1.412113476544618607e-02 -3.626596927642822266e-01 4.689142704010009766e-01 3.247765600681304932e-01 1.046196445822715759e-01 9.095630645751953125e-01 9.798668622970581055e-01 1.827208995819091797e-01 7.634894847869873047e-01 -7.640905380249023438e-01 -3.595477938652038574e-01 -1.159359931945800781e+00 3.382168412208557129e-01 -1.727247357368469238e+00 -2.916006147861480713e-01 1.393257230520248413e-01 1.006228089332580566e+00 -8.977739810943603516e-01 3.002717792987823486e-01 -4.611198604106903076e-01 -1.103254128247499466e-02 4.513127207756042480e-01 -2.881388664245605469e-01 4.489705562591552734e-01 -9.088077545166015625e-01 -2.830266952514648438e-02 2.592656016349792480e-01 2.550482749938964844e-03 -1.432131648063659668e+00 -9.651989340782165527e-01 -1.240550756454467773e+00 3.826705515384674072e-01 5.696655809879302979e-02 -9.551508426666259766e-01 -5.970664620399475098e-01 2.440548092126846313e-01 1.056032776832580566e-01 -4.914666116237640381e-01 9.926406741142272949e-01 -1.389026999473571777e+00 -1.052948951721191406e+00 -5.170885920524597168e-01 -1.016475707292556763e-01 -5.882395505905151367e-01 3.912974894046783447e-01 -4.684787988662719727e-02 1.893727898597717285e+00 -3.249833583831787109e-01 1.384990364313125610e-01 -3.912827372550964355e-01 -8.741573095321655273e-01 6.427338123321533203e-01 -1.469061970710754395e-01 -8.805553913116455078e-01 4.490233361721038818e-01 -7.747461199760437012e-01 -7.574861645698547363e-01 3.256797492504119873e-01 -8.528355956077575684e-01 6.715665105730295181e-03 -6.018137931823730469e-02 9.466769695281982422e-01 -1.969496486708521843e-03 1.045776247978210449e+00 -6.919192671775817871e-01 3.293331861495971680e-01 -2.039888650178909302e-01 -6.940171122550964355e-02 -3.668560385704040527e-01 -5.318034291267395020e-01 1.198871612548828125e+00 -6.815766096115112305e-01 -5.726571083068847656e-01 -1.016145825386047363e+00 -7.348939180374145508e-01 -2.353162616491317749e-01 4.390092566609382629e-02 5.609225630760192871e-01 3.094520568847656250e-01 -3.254097700119018555e-01 5.510332584381103516e-01 4.730622094939462841e-05 -7.362027764320373535e-01 6.073433160781860352e-01 3.180055320262908936e-01 -6.677975654602050781e-01 -2.058990858495235443e-02 4.656356275081634521e-01 1.092351436614990234e+00 -3.889039456844329834e-01 1.539171785116195679e-01
-1.170373082160949707e+00 1.681690931320190430e+00 7.883992195129394531e-01 -3.026711344718933105e-01 6.716400384902954102e-01 -3.827978670597076416e-01 -1.029407024383544922e+00 4.093765318393707275e-01 8.538752794265747070e-01 -2.333704978227615356e-01 -5.032351613044738770e-01 6.978593468666076660e-01 4.247516989707946777e-01 -8.985823392868041992e-02 1.321524977684020996e+00 1.237063288688659668e+00 1.069590300321578979e-01 5.697021484375000000e-01 -8.756546378135681152e-01 -5.814294815063476562e-01 -1.322684884071350098e+00 2.661230266094207764e-01 -1.578530430793762207e+00 6.049225106835365295e-02 1.057452638633549213e-03 1.233488678932189941e+00 -1.413397669792175293e+00 5.673801898956298828e-01 -6.647422313690185547e-01 -1.863050609827041626e-01 4.931230545043945312e-01 -3.198551535606384277e-01 5.640664100646972656e-01 -1.253965139389038086e+00 2.493325322866439819e-01 3.127667307853698730e-01 -2.527866661548614502e-01 -1.417914986610412598e+00 -1.027868986129760742e+00 -1.333234786987304688e+00 5.519660115242004395e-01 5.861765146255493164e-02 -8.281810879707336426e-01 -4.754820168018341064e-01 1.865649670362472534e-01 2.443468719720840454e-01 -6.754436492919921875e-01 8.527126312255859375e-01 -1.485798001289367676e+00 -1.240880966186523438e+00 -7.008705139160156250e-01 -3.215465694665908813e-02 -5.124893188476562500e-01 5.282672047615051270e-01 -1.376610547304153442e-01 1.896437644958496094e+00 -3.049876391887664795e-01 1.974361687898635864e-01 -2.081532478332519531e-01 -6.582142710685729980e-01 6.952053308486938477e-01 -1.105504781007766724e-01 -9.700406193733215332e-01 3.835329115390777588e-01 -9.924468398094177246e-01 -7.488709092140197754e-01 4.521070718765258789e-01 -7.321172356605529785e-01 8.269746601581573486e-02 -1.740303784608840942e-01 8.955778479576110840e-01 -1.228187978267669678e-01 1.034146666526794434e+00 -7.299878597259521484e-01 2.033817470073699951e-01 -3.115505874156951904e-01 -6.424590200185775757e-02 -3.377514779567718506e-01 -7.071139812469482422e-01 1.371848583221435547e+00 -6.047396063804626465e-01 -3.083059787750244141e-01 -8.922910690307617188e-01 -8.798933625221252441e-01 -8.345020562410354614e-02 1.968216896057128906e-02 8.060355782508850098e-01 3.950012326240539551e-01 -2.933798171579837799e-02 5.858909487724304199e-01 9.521911293268203735e-02 -6.306645274162292480e-01 5.076116919517517090e-01 1.233769357204437256e-01 -6.426489949226379395e-01 4.001446962356567383e-01 7.622073292732238770e-01 1.403255701065063477e+00 -3.706441521644592285e-01 2.862970232963562012e-01
-1.583845376968383789e+00 1.574353456497192383e+00 9.925058484077453613e-01 -9.276410937309265137e-02 8.462096452713012695e-01 -2.805935144424438477e-01 -1.333737730979919434e+00 6.023229956626892090e-01 1.161850214004516602e+00 -4.526198506355285645e-01 -6.438106298446655273e-01 9.268044829368591309e-01 5.247268080711364746e-01 -2.843360900878906250e-01 1.733486771583557129e+00 1.494259834289550781e+00 3.119715675711631775e-02 3.759148418903350830e-01 -9.872186779975891113e-01 -8.033111691474914551e-01 -1.486009955406188965e+00 1.940292119979858398e-01 -1.429813385009765625e+00 4.125851392745971680e-01 -1.372108161449432373e-01 1.460749387741088867e+00 -1.929021477699279785e+00 8.344885706901550293e-01 -8.683646321296691895e-01 -3.615775704383850098e-01 5.349334478378295898e-01 -3.515714406967163086e-01 6.791623234748840332e-01 -1.599122643470764160e+00 5.269677042961120605e-01 3.662678599357604980e-01 -5.081238150596618652e-01 -1.403698205947875977e+00 -1.090539097785949707e+00 -1.425918817520141602e+00 7.212614417076110840e-01 6.026874855160713196e-02 -7.012112736701965332e-01 -3.538975715637207031e-01 1.290751099586486816e-01 3.830904662609100342e-01 -8.594206571578979492e-01 7.127846479415893555e-01 -1.582568883895874023e+00 -1.428813099861145020e+00 -8.846524953842163086e-01 3.733825683593750000e-02 -4.367390275001525879e-01 6.652369499206542969e-01 -2.284742146730422974e-01 1.899147510528564453e+00 -2.849919497966766357e-01 2.563733160495758057e-01 -2.502375096082687378e-02 -4.422711730003356934e-01 7.476769089698791504e-01 -7.419475913047790527e-02 -1.059525847434997559e+00 3.180424869060516357e-01 -1.210147619247436523e+00 -7.402556538581848145e-01 5.785343647003173828e-01 -6.113988161087036133e-01 1.586792618036270142e-01 -2.878793776035308838e-01 8.444787263870239258e-01 -2.436680942773818970e-01 1.022517085075378418e+00 -7.680564522743225098e-01 7.743029296398162842e-02 -4.191123247146606445e-01 -5.909009277820587158e-02 -3.086469471454620361e-01 -8.824245333671569824e-01 1.544825553894042969e+00 -5.279026627540588379e-01 -4.395484924316406250e-02 -7.684363126754760742e-01 -1.024892807006835938e+00 6.841585040092468262e-02 -4.536587279289960861e-03 1.051148653030395508e+00 4.805504083633422852e-01 2.667337954044342041e-01 6.207485795021057129e-01 1.903909146785736084e-01 -5.251262784004211426e-01 4.078800380229949951e-01 -7.125164568424224854e-02 -6.175003647804260254e-01 8.208792805671691895e-01 1.058779001235961914e+00 1.714159965515136719e+00 -3.523843288421630859e-01 4.186768829822540283e-01
-1.997317671775817871e+00 1.467015862464904785e+00 1.196612477302551270e+00 1.171429157257080078e-01 1.020779252052307129e+00 -1.783891767263412476e-01 -1.638068437576293945e+00 7.952694296836853027e-01 1.469825029373168945e+00 -6.718692183494567871e-01 -7.843860983848571777e-01 1.155749559402465820e+00 6.247019171714782715e-01 -4.788139760494232178e-01 2.145448684692382812e+00 1.751456260681152344e+00 -4.456471651792526245e-02 1.821275502443313599e-01 -1.098782777786254883e+00 -1.025192856788635254e+00 -1.649334907531738281e+00 1.219354048371315002e-01 -1.281096458435058594e+00 7.646780014038085938e-01 -2.754790782928466797e-01 1.688009977340698242e+00 -2.444645166397094727e+00 1.101596951484680176e+00 -1.071987032890319824e+00 -5.368500947952270508e-01 5.767437815666198730e-01 -3.832877278327941895e-01 7.942581772804260254e-01 -1.944280028343200684e+00 8.046029210090637207e-01 4.197689890861511230e-01 -7.634609937667846680e-01 -1.389481425285339355e+00 -1.153209209442138672e+00 -1.518602848052978516e+00 8.905568718910217285e-01 6.191984191536903381e-02 -5.742415189743041992e-01 -2.323130965232849121e-01 7.158526778221130371e-02 5.218340754508972168e-01 -1.043397665023803711e+00 5.728566646575927734e-01 -1.679339885711669922e+00 -1.616745114326477051e+00 -1.068434476852416992e+00 1.068311706185340881e-01 -3.609887659549713135e-01 8.022066950798034668e-01 -3.192873895168304443e-01 1.901857376098632812e+00 -2.649962306022644043e-01 3.153104484081268311e-01 1.581057459115982056e-01 -2.263280898332595825e-01 8.001484274864196777e-01 -3.783904388546943665e-02 -1.149011015892028809e+00 2.525520622730255127e-01 -1.427848339080810547e+00 -7.316403985023498535e-01 7.049617171287536621e-01 -4.906804263591766357e-01 2.346610575914382935e-01 -4.017283916473388672e-01 7.933796048164367676e-01 -3.645173907279968262e-01 1.010887503623962402e+00 -8.061250448226928711e-01 -4.852115362882614136e-02 -5.266740322113037109e-01 -5.393427982926368713e-02 -2.795423865318298340e-01 -1.057735085487365723e+00 1.717802405357360840e+00 -4.510656595230102539e-01 2.203962802886962891e-01 -6.445815563201904297e-01 -1.169892311096191406e+00 2.202819138765335083e-01 -2.875534445047378540e-02 1.296261668205261230e+00 5.660995841026306152e-01 5.628055930137634277e-01 6.556062698364257812e-01 2.855627238750457764e-01 -4.195880591869354248e-01 3.081483840942382812e-01 -2.658802270889282227e-01 -5.923517942428588867e-01 1.241613864898681641e+00 1.355350732803344727e+00 2.025064229965209961e+00 -3.341245353221893311e-01 5.510567426681518555e-01
