-3.909676969051361084e-01 5.051505565643310547e-02 -6.947267651557922363e-01 5.763128995895385742e-01 -1.687929749488830566e+00 -8.919034600257873535e-01 6.353551745414733887e-01 -4.851609170436859131e-01 4.239273443818092346e-02 2.173363231122493744e-02 -3.945058882236480713e-01 -2.161052703857421875e+00 -1.003076791763305664e+00 -1.255383968353271484e+00 -1.103829741477966309e+00 2.071612119674682617e+00 1.426820874214172363e+00 1.692289263010025024e-01 -6.565254647284746170e-03 1.404785156250000000e+00 1.323494076728820801e+00 1.111504673957824707e+00 -8.415034413337707520e-01 -2.129739522933959961e-01 3.673077225685119629e-01 -1.285854935646057129e+00 -2.361676841974258423e-01 2.165733575820922852e-01 -5.334257706999778748e-02 5.211548209190368652e-01 -9.469481706619262695e-01 -1.371732115745544434e+00 3.249682784080505371e-01 -8.992264270782470703e-01 3.722984194755554199e-01 -5.769767165184020996e-01 -4.718809425830841064e-01 4.200706779956817627e-01 -6.533864140510559082e-01 -1.677906870841979980e+00 -1.238323807716369629e+00 1.749223589897155762e+00 2.793730735778808594e+00 6.281984448432922363e-01 -1.556524157524108887e+00 8.685404062271118164e-01 8.343479633331298828e-01 1.270352363586425781e+00 1.132325291633605957e+00 1.739533692598342896e-01 -2.555862069129943848e-01 -8.317981958389282227e-01 6.541042327880859375e-01 2.508484385907649994e-02 -9.575498700141906738e-01 -4.266905784606933594e-01 2.435325384140014648e-01 -3.706811666488647461e-01 2.479311466217041016e+00 4.699915051460266113e-01 -2.169823497533798218e-01 1.398196935653686523e+00 3.037579953670501709e-01 -1.187910914421081543e+00 1.944243907928466797e+00 -5.512775778770446777e-01 4.396861195564270020e-01 -6.746898889541625977e-01 -1.995703428983688354e-01 1.294820427894592285e+00 -1.780836939811706543e+00 -1.422175645828247070e+00 4.018321037292480469e-01 -2.365170121192932129e-01 -2.560003757476806641e+00 1.383704543113708496e+00 -4.819059371948242188e-01 -6.544674038887023926e-01 -5.195792317390441895e-01 -1.172261238098144531e+00 -3.514551222324371338e-01 -1.253695964813232422e+00 -3.310656845569610596e-01 9.105700999498367310e-02 1.838404983282089233e-01 6.691191792488098145e-01 -4.823258817195892334e-01 9.121241569519042969e-01 5.337103605270385742e-01 1.074447035789489746e+00 4.507292807102203369e-01 -6.985483318567276001e-02 -9.601801037788391113e-01 -5.266049504280090332e-01 -3.419476747512817383e-01 -1.241221547126770020e+00 -1.342211663722991943e-01 3.494242727756500244e-01 1.967617988586425781e+00 7.964692264795303345e-02
-4.227642714977264404e-01 9.234831929206848145e-01 -2.211607098579406738e-01 6.171113848686218262e-01 1.464310407638549805e+00 9.352368116378784180e-01 -9.081573486328125000e-01 4.149870574474334717e-01 -2.166258990764617920e-01 6.922467947006225586e-01 5.604816675186157227e-01 -3.076176345348358154e-01 -5.857880711555480957e-01 -6.783134937286376953e-01 -1.495761156082153320e+00 1.904693126678466797e+00 -1.523973345756530762e+00 1.008223652839660645e+00 -8.932382464408874512e-01 1.416623234748840332e+00 -1.188593506813049316e+00 -1.719857096672058105e+00 2.265083342790603638e-01 -1.359391450881958008e+00 7.064784765243530273e-01 1.844667941331863403e-01 -9.654051065444946289e-02 -2.080072462558746338e-01 4.458741843700408936e-01 1.044129431247711182e-01 -1.239932030439376831e-01 6.501032710075378418e-01 1.277496933937072754e+00 -1.100866794586181641e+00 -2.660405158996582031e+00 -1.974868476390838623e-01 -9.677858352661132812e-01 1.821187585592269897e-01 -4.151081442832946777e-01 -1.086177706718444824e+00 -7.926700115203857422e-01 1.529569029808044434e+00 -1.319347143173217773e+00 8.130769133567810059e-01 3.312247097492218018e-01 3.383263945579528809e-01 -1.330399155616760254e+00 -4.977280795574188232e-01 -8.672927618026733398e-01 -1.291054785251617432e-01 1.646999865770339966e-01 7.152796983718872070e-01 -4.593388736248016357e-01 -1.074546501040458679e-01 -1.632470726966857910e+00 -1.157346606254577637e+00 3.084491193294525146e-01 -2.850440889596939087e-02 -8.788923025131225586e-01 -2.592643737792968750e+00 -1.363624572753906250e+00 -5.407295227050781250e-01 -6.525479257106781006e-02 -5.002899765968322754e-01 4.037353694438934326e-01 -1.083833575248718262e+00 1.007073283195495605e+00 -1.836610555648803711e+00 -8.635291457176208496e-02 2.550551891326904297e-01 7.191222906112670898e-01 9.693013429641723633e-01 -1.225694894790649414e+00 -1.243898272514343262e+00 1.722124695777893066e+00 -5.091400742530822754e-01 -6.690964698791503906e-01 -1.423331022262573242e+00 1.008268117904663086e+00 5.102136731147766113e-01 -1.563401669263839722e-01 -1.341940402984619141e+00 1.467236399650573730e+00 6.102236509323120117e-01 -1.588323116302490234e+00 -1.488301634788513184e+00 -8.325546234846115112e-02 1.294148087501525879e+00 -4.019491672515869141e-01 -1.420808911323547363e+00 6.813989877700805664e-01 1.538798689842224121e+00 -2.879930138587951660e-01 -4.635118246078491211e-01 6.164381504058837891e-01 -4.165087938308715820e-01 1.247846126556396484e+00 -1.449309468269348145e+00 -8.859896063804626465e-01 -1.324709534645080566e+00
1.723932981491088867e+00 2.433053731918334961e+00 -6.403472423553466797e-01 -1.772020339965820312e+00 -5.503472685813903809e-01 -1.098228216171264648e+00 1.100908160209655762e+00 -9.412485957145690918e-01 -1.301948785781860352e+00 1.301375031471252441e+00 4.807931482791900635e-01 -9.047563076019287109e-01 -2.750741243362426758e-01 1.271486878395080566e+00 -1.562208175659179688e+00 -5.633118748664855957e-01 6.372921466827392578e-01 1.926213264465332031e+00 -9.470602869987487793e-02 9.717423319816589355e-01 -1.794099062681198120e-01 7.707797288894653320e-01 -2.619549274444580078e+00 -2.404157876968383789e+00 9.689353108406066895e-01 -3.573357760906219482e-01 2.195968389511108398e+00 -1.302378535270690918e+00 7.606144547462463379e-01 1.040602564811706543e+00 2.004505693912506104e-01 -9.784111380577087402e-02 -2.416046559810638428e-01 1.162136793136596680e+00 -1.694113850593566895e+00 -6.174116209149360657e-02 1.534573435783386230e+00 -1.517432212829589844e+00 -5.891783237457275391e-01 -6.844464540481567383e-01 -6.331021189689636230e-01 4.705998674035072327e-02 -1.716969490051269531e+00 -1.326573252677917480e+00 5.889939069747924805e-01 -7.268583178520202637e-01 6.123955249786376953e-01 1.832208633422851562e+00 -8.084012269973754883e-01 7.464334368705749512e-02 5.856032371520996094e-01 -5.186050534248352051e-01 -1.042741179466247559e+00 -4.305208921432495117e-01 4.980311393737792969e-01 1.877468824386596680e+00 -4.449576139450073242e-01 -2.151237875223159790e-01 -1.490059733390808105e+00 -2.169815778732299805e+00 3.279046118259429932e-01 -3.650404810905456543e-01 -3.436441421508789062e-01 8.419659137725830078e-01 5.314583182334899902e-01 -8.091776967048645020e-01 -4.328842163085937500e-01 -1.577145934104919434e+00 -4.491751194000244141e-01 6.229126453399658203e-01 1.253271698951721191e+00 7.231262922286987305e-01 1.115553736686706543e+00 -4.635076522827148438e-01 1.085041880607604980e+00 4.413814544677734375e-01 -1.003365814685821533e-01 -5.414833426475524902e-01 5.200599431991577148e-01 1.610102057456970215e-01 -1.142598509788513184e+00 -2.158763885498046875e+00 -1.759274482727050781e+00 1.351028531789779663e-01 -1.146512627601623535e+00 1.892134696245193481e-01 -9.097557067871093750e-01 -2.038430124521255493e-01 -2.101840496063232422e+00 3.418872654438018799e-01 -5.709835290908813477e-01 -1.369432210922241211e+00 1.205733180046081543e+00 1.485777020454406738e+00 -8.186891078948974609e-01 -2.544997453689575195e+00 -1.313794612884521484e+00 -7.730740904808044434e-01 -4.984627664089202881e-01 -6.403619647026062012e-01
1.419118195772171021e-01 -1.080138683319091797e+00 -1.034254789352416992e+00 -9.409622550010681152e-01 2.074514627456665039e-01 6.819745898246765137e-01 -9.341407418251037598e-01 2.193263173103332520e-01 2.059943675994873047e+00 -9.962386488914489746e-01 1.633075773715972900e-01 3.549820184707641602e-01 6.068896055221557617e-01 3.282387256622314453e-01 1.483964204788208008e+00 6.253352016210556030e-02 2.907684445381164551e-02 -3.697713315486907959e-01 -3.185527324676513672e-01 -6.768350005149841309e-01 -9.973755478858947754e-01 7.608440518379211426e-01 8.388040065765380859e-01 9.938619136810302734e-01 4.336347877979278564e-01 -3.737954199314117432e-01 -8.434028625488281250e-01 -5.180209279060363770e-01 -1.242108941078186035e+00 6.621246337890625000e-01 1.550952434539794922e+00 4.553177058696746826e-01 -1.963929653167724609e+00 3.047886788845062256e-01 1.057649612426757812e+00 1.335998535156250000e+00 1.217757940292358398e+00 7.814260125160217285e-01 -7.787880301475524902e-01 1.209812283515930176e+00 -1.749741554260253906e+00 3.915339410305023193e-01 4.150287508964538574e-01 5.476706475019454956e-02 6.927006840705871582e-01 7.090091109275817871e-01 -1.128036156296730042e-01 1.847726292908191681e-02 6.160808801651000977e-01 1.794382214546203613e+00 3.305117040872573853e-02 1.103283166885375977e+00 5.921889543533325195e-01 2.677258849143981934e-01 -6.811442375183105469e-01 -8.517189621925354004e-01 -7.217372655868530273e-01 -3.762099146842956543e-01 -1.816510796546936035e+00 -1.104023605585098267e-01 5.219759792089462280e-02 -2.438838630914688110e-01 6.409676671028137207e-01 -2.700423300266265869e-01 -8.722071349620819092e-02 3.218740224838256836e-01 4.804894328117370605e-02 -6.264217495918273926e-01 -3.684300556778907776e-02 7.563064098358154297e-01 -1.338193655014038086e+00 -8.205803036689758301e-01 9.129905104637145996e-01 -1.080126047134399414e+00 -6.764024496078491211e-01 7.702420651912689209e-02 -3.090788125991821289e-01 -6.901531014591455460e-03 6.101812124252319336e-01 7.742420434951782227e-01 -1.542263198643922806e-02 9.224590063095092773e-01 2.538354992866516113e-01 -1.000424504280090332e+00 1.735668182373046875e+00 -3.094934523105621338e-01 -1.436532139778137207e+00 -2.967745065689086914e-01 1.775353789329528809e+00 -8.283465504646301270e-01 4.032709896564483643e-01 -1.213367223739624023e+00 3.375779390335083008e-01 8.771997690200805664e-01 3.052496537566184998e-02 8.351730555295944214e-02 -1.066042423248291016e+00 -1.337418675422668457e+00 3.346864581108093262e-01 1.272855043411254883e+00
1.530426144599914551e+00 -1.049963951110839844e+00 -1.496276974678039551e+00 7.014333009719848633e-01 -6.800291538238525391e-01 3.697840496897697449e-02 -1.257415413856506348e+00 -1.544802308082580566e+00 1.960138380527496338e-01 5.913957357406616211e-01 1.240381598472595215e-01 1.481459617614746094e+00 1.968289375305175781e+00 1.949201583862304688e+00 -6.123463064432144165e-02 -1.161073744297027588e-01 5.347466468811035156e-01 -1.896954476833343506e-01 4.635855555534362793e-01 8.315852284431457520e-01 -1.172568917274475098e+00 -4.871661961078643799e-01 -1.152044296264648438e+00 2.849013209342956543e-01 -7.232378721237182617e-01 -1.481236934661865234e+00 1.149295736104249954e-02 4.854582846164703369e-01 -1.944492459297180176e-01 3.041199743747711182e-01 -1.478624582290649414e+00 -6.207600831985473633e-01 -3.780561089515686035e-01 5.322781205177307129e-01 3.600139617919921875e-01 1.080694079399108887e+00 -1.559372901916503906e+00 1.909805774688720703e+00 -7.609798312187194824e-01 5.985328555107116699e-01 2.888545989990234375e-01 -9.008805155754089355e-01 -1.471332550048828125e+00 -7.686616480350494385e-02 2.178478538990020752e-01 1.103468894958496094e+00 -1.630592793226242065e-01 -4.673001170158386230e-01 1.645297884941101074e+00 7.054287195205688477e-01 5.578736066818237305e-01 -5.251356363296508789e-01 -7.078571319580078125e-01 -1.635375976562500000e+00 -6.169289350509643555e-01 1.093392133712768555e+00 2.447023987770080566e-01 7.549258470535278320e-01 1.397382497787475586e+00 -9.949092268943786621e-01 -3.355044126510620117e-01 -8.172188997268676758e-01 -3.492302000522613525e-01 3.433406651020050049e-01 4.625105857849121094e-02 6.715747714042663574e-01 -4.568883180618286133e-01 -1.330280154943466187e-01 1.012064293026924133e-01 1.532505989074707031e+00 2.912930548191070557e-01 2.627425432205200195e+00 1.655732035636901855e+00 -4.412595927715301514e-01 -1.079390347003936768e-01 1.512282490730285645e-01 -2.261433750391006470e-01 4.906982779502868652e-01 -1.813662201166152954e-01 -8.983791805803775787e-03 7.006534337997436523e-01 1.057894587516784668e+00 -3.515970706939697266e-01 4.516454339027404785e-01 -1.118893742561340332e+00 -8.364366292953491211e-01 8.731894493103027344e-01 -8.111369609832763672e-01 -1.279954195022583008e+00 -5.802031755447387695e-01 -7.131568789482116699e-01 7.939760088920593262e-01 -5.329161882400512695e-01 1.595970392227172852e+00 -1.510073184967041016e+00 -1.172019839286804199e+00 -1.297804594039916992e+00 -8.006801009178161621e-01 -1.476451903581619263e-01 5.758885741233825684e-01
6.188454627990722656e-01 1.404947280883789062e+00 5.614719390869140625e-01 3.554260432720184326e-01 7.213048338890075684e-01 -4.331950545310974121e-01 -9.380445480346679688e-01 1.400673151016235352e+00 -1.609454631805419922e+00 -3.941387832164764404e-01 1.276405334472656250e+00 -1.517730392515659332e-02 -6.939019560813903809e-01 -6.554425954818725586e-01 -1.151252612471580505e-01 -8.079065680503845215e-01 -6.150662899017333984e-01 -1.903234243392944336e+00 5.406238436698913574e-01 -6.757336258888244629e-01 5.278579592704772949e-01 8.284649252891540527e-01 -6.004225015640258789e-01 -6.295367330312728882e-02 4.666981399059295654e-01 -1.394172310829162598e+00 -1.193931460380554199e+00 2.185071855783462524e-01 -1.212227940559387207e+00 9.205095767974853516e-01 7.536165714263916016e-01 -8.903582692146301270e-01 -1.394832581281661987e-01 1.008442759513854980e+00 4.167487621307373047e-01 1.102552339434623718e-01 1.480402708053588867e+00 -2.147450298070907593e-01 1.449223607778549194e-01 5.176060795783996582e-01 2.034964263439178467e-01 2.152550935745239258e+00 -6.274319887161254883e-01 -2.952670454978942871e-01 -2.482444643974304199e-01 -6.919698119163513184e-01 8.213482052087783813e-02 1.318772882223129272e-01 -1.463254094123840332e+00 1.284337878227233887e+00 1.005155920982360840e+00 -1.009301185607910156e+00 1.588610261678695679e-01 3.641372174024581909e-02 2.035939931869506836e+00 -9.720443487167358398e-01 -6.322711706161499023e-01 2.290458381175994873e-01 1.064920902252197266e+00 1.703860908746719360e-01 6.042209267616271973e-01 -1.340767621994018555e+00 -6.506319046020507812e-01 -1.774562597274780273e-01 7.877521216869354248e-02 1.141219288110733032e-01 2.943272292613983154e-01 1.218094825744628906e+00 1.227346777915954590e+00 1.263767361640930176e+00 -4.690994918346405029e-01 3.028464913368225098e-01 -5.562505125999450684e-01 -4.016951918601989746e-01 -4.726722240447998047e-01 -1.693277955055236816e+00 -2.966506481170654297e-01 -1.103647589683532715e+00 -1.547891646623611450e-01 -5.591000914573669434e-01 -5.322288870811462402e-01 5.310332775115966797e-01 -3.009512424468994141e-01 -7.302843928337097168e-01 1.212886691093444824e+00 -8.235353827476501465e-01 2.355839163064956665e-01 -4.681102633476257324e-01 -1.672623455524444580e-01 -3.599319458007812500e-01 -5.010241866111755371e-01 9.823726862668991089e-02 -3.038600981235504150e-01 1.100850328803062439e-01 -3.877475261688232422e-01 -1.203489184379577637e+00 1.010544180870056152e+00 -1.210957765579223633e+00 5.379185676574707031e-01 2.909456491470336914e-01
4.967501461505889893e-01 -1.214245796203613281e+00 3.301037847995758057e-02 -1.335175275802612305e+00 -1.342764019966125488e+00 -5.355501174926757812e-01 -4.309301376342773438e-01 2.075894027948379517e-01 -1.357886552810668945e+00 -5.335941910743713379e-01 9.425780177116394043e-01 -9.416577816009521484e-01 9.918397068977355957e-01 -3.428978100419044495e-02 1.733190566301345825e-01 3.168034180998802185e-02 -1.213023066520690918e-01 -3.877199590206146240e-01 6.057848334312438965e-01 5.091156959533691406e-01 9.639541804790496826e-02 -8.662678599357604980e-01 -5.822050571441650391e-01 -5.154748558998107910e-01 -1.156087636947631836e+00 -2.184944301843643188e-01 -3.812006115913391113e-01 6.877266168594360352e-01 -4.346499741077423096e-01 -1.856632828712463379e+00 -4.213125109672546387e-01 -2.642458677291870117e-01 5.701271891593933105e-01 2.748706340789794922e-01 -3.007004261016845703e-01 9.071207642555236816e-01 -1.500075817108154297e+00 -6.294060349464416504e-01 -3.091753005981445312e+00 8.009872436523437500e-01 -1.123268246650695801e+00 -1.283323764801025391e+00 6.794496774673461914e-01 3.751155436038970947e-01 -6.859102249145507812e-01 9.008247852325439453e-01 -6.482356190681457520e-01 6.376032233238220215e-01 2.910000085830688477e-01 -1.674536913633346558e-01 9.988394379615783691e-01 1.167376279830932617e+00 1.388324141502380371e+00 -6.108006834983825684e-01 2.754589021205902100e-01 1.413939952850341797e+00 8.957446813583374023e-01 5.478225350379943848e-01 -2.647414207458496094e-01 -1.860787570476531982e-01 2.137897253036499023e+00 -8.721539974212646484e-01 -4.305604696273803711e-01 -1.842348694801330566e+00 6.554406285285949707e-01 -9.081780165433883667e-02 1.182607412338256836e+00 -1.205110192298889160e+00 -8.196973204612731934e-01 8.085098862648010254e-01 4.190771281719207764e-01 -1.768279522657394409e-01 1.468462586402893066e+00 1.103732824325561523e+00 1.209278941154479980e+00 6.137188673019409180e-01 6.672458052635192871e-01 4.494315385818481445e-01 1.826146394014358521e-01 -1.547260433435440063e-01 1.373566269874572754e+00 2.049358606338500977e+00 -1.270585805177688599e-01 -1.483425974845886230e+00 -1.319986939430236816e+00 -1.924589037895202637e+00 1.799346208572387695e-01 1.058718442916870117e+00 -4.169296324253082275e-01 -6.879840493202209473e-01 -5.948426127433776855e-01 1.283602833747863770e+00 -6.014807820320129395e-01 9.209785461425781250e-01 9.559870362281799316e-01 8.290576338768005371e-01 6.454492807388305664e-01 4.174360632896423340e-01 -9.667466878890991211e-01 -1.618724703788757324e+00
-1.096500277519226074e+00 4.396387189626693726e-02 -1.735580116510391235e-01 8.102326989173889160e-01 -3.406538963317871094e-01 3.862477540969848633e-01 -8.822107911109924316e-01 1.660358548164367676e+00 1.121920824050903320e+00 -1.329674959182739258e+00 1.611296534538269043e-01 9.545940756797790527e-01 -1.041998863220214844e-01 -2.831795811653137207e-01 -5.638839602470397949e-01 -8.879591226577758789e-01 -6.098265647888183594e-01 -1.364411473274230957e+00 9.477322697639465332e-01 6.989229321479797363e-01 3.708414733409881592e-01 1.244126081466674805e+00 -2.011350393295288086e+00 -9.590526223182678223e-01 -1.317860126495361328e+00 1.821854591369628906e+00 -8.920281529426574707e-01 -3.745002448558807373e-01 8.095651865005493164e-01 -3.573897480964660645e-01 1.903697133064270020e+00 -1.569648981094360352e+00 1.208619028329849243e-01 -1.476663589477539062e+00 -1.427513211965560913e-01 -1.016759648919105530e-01 -7.031644582748413086e-01 -3.753707408905029297e-01 -1.252216100692749023e+00 1.547292828559875488e+00 -1.250505566596984863e+00 -1.030179634690284729e-01 1.227981317788362503e-02 8.405896425247192383e-01 -6.441235542297363281e-01 -9.769014120101928711e-01 1.671990156173706055e+00 5.985801815986633301e-01 2.537780404090881348e-01 -9.293987154960632324e-01 -2.932958900928497314e-01 1.070460677146911621e+00 -6.336825489997863770e-01 3.480431735515594482e-01 9.642409086227416992e-01 -4.338399171829223633e-01 1.558518528938293457e+00 1.323262900114059448e-01 7.245903611183166504e-01 5.041828155517578125e-01 -1.883741170167922974e-01 1.623877048492431641e+00 -1.890054941177368164e+00 1.713150620460510254e+00 -3.754861950874328613e-01 3.210496306419372559e-01 -4.799113571643829346e-01 -3.468652665615081787e-01 1.248916506767272949e+00 2.190005064010620117e+00 1.239286065101623535e+00 -4.007602632045745850e-01 6.613427400588989258e-01 2.828942239284515381e-01 4.917280673980712891e-01 -2.339008748531341553e-01 -5.164824724197387695e-01 -1.263533234596252441e+00 -1.934119910001754761e-01 1.089654207229614258e+00 -3.079863488674163818e-01 -1.917809486389160156e+00 1.244958996772766113e+00 -2.017193287611007690e-01 -6.986642628908157349e-02 -9.923881292343139648e-01 -7.144564986228942871e-01 -3.582672774791717529e-01 -3.912172317504882812e-01 -9.202749133110046387e-01 8.658392429351806641e-01 -8.846611976623535156e-01 9.549308419227600098e-01 -3.483044207096099854e-01 5.244721174240112305e-01 1.103506326675415039e+00 -4.456108510494232178e-01 4.475963115692138672e-01 1.017535567283630371e+00 9.488586187362670898e-01
1.654402613639831543e+00 -8.696951270103454590e-01 1.080211520195007324e+00 2.762715816497802734e+00 7.714089751243591309e-02 -7.419813871383666992e-01 -8.418814539909362793e-01 3.635699152946472168e-01 -2.386292457580566406e+00 6.532195806503295898e-01 -6.471772193908691406e-01 9.750363230705261230e-01 -7.251024246215820312e-01 -1.178637862205505371e+00 -1.098369717597961426e+00 -1.352416157722473145e+00 -9.125757217407226562e-01 -1.558049559593200684e+00 -1.255368828773498535e+00 -1.286900162696838379e+00 1.582170873880386353e-01 1.207597851753234863e+00 -4.767315983772277832e-01 -7.404524832963943481e-02 1.493505239486694336e+00 -1.617127299308776855e+00 -1.189673095941543579e-01 6.775638461112976074e-01 -7.248547673225402832e-02 -1.305692911148071289e+00 3.699901103973388672e-01 3.087251186370849609e-01 -6.919593214988708496e-01 1.395974516868591309e+00 -5.202248096466064453e-01 -9.127817749977111816e-01 -3.049564063549041748e-01 5.852178335189819336e-01 -1.720449686050415039e+00 -1.875109434127807617e+00 -1.158086538314819336e+00 3.614229559898376465e-01 -4.376420080661773682e-01 -3.106144368648529053e-01 8.548691272735595703e-01 1.524804115295410156e+00 -4.593488872051239014e-01 7.616248726844787598e-01 -1.071455359458923340e+00 -9.955700635910034180e-01 1.752757430076599121e+00 -8.987602591514587402e-01 -8.553037792444229126e-02 9.227669239044189453e-01 -5.971282124519348145e-01 5.140352249145507812e-01 2.344384670257568359e+00 -1.384059667587280273e+00 7.267481684684753418e-01 1.528207182884216309e+00 -1.440748572349548340e+00 -1.099072843790054321e-01 -7.591328024864196777e-02 6.929269433021545410e-01 9.545148611068725586e-01 6.391072869300842285e-01 -4.446003735065460205e-01 -3.061456203460693359e+00 -1.700853466987609863e+00 -2.313830375671386719e+00 -3.486630618572235107e-01 -2.152380228042602539e+00 -7.972329854965209961e-01 5.063427984714508057e-02 9.746827930212020874e-02 -5.224266275763511658e-02 -1.136188507080078125e+00 2.668324112892150879e-01 -7.825927734375000000e-01 -1.176322102546691895e+00 -9.014769792556762695e-01 1.259112000465393066e+00 -1.569565534591674805e+00 1.332381725311279297e+00 -7.280752658843994141e-01 -1.385222792625427246e+00 1.092983126640319824e+00 -2.020381540060043335e-01 -4.862754940986633301e-01 2.521789371967315674e-01 -1.813187152147293091e-01 7.399615645408630371e-01 -1.024547219276428223e+00 -6.756165623664855957e-02 6.540572047233581543e-01 -4.376559853553771973e-01 4.819152951240539551e-01 -1.064665198326110840e+00 -3.084172308444976807e-01 -9.487064480781555176e-01
-1.997317671775817871e+00 1.467015862464904785e+00 1.196612477302551270e+00 1.171429157257080078e-01 1.020779252052307129e+00 -1.783891767263412476e-01 -1.638068437576293945e+00 7.952694296836853027e-01 1.469825029373168945e+00 -6.718692183494567871e-01 -7.843860983848571777e-01 1.155749559402465820e+00 6.247019171714782715e-01 -4.788139760494232178e-01 2.145448684692382812e+00 1.751456260681152344e+00 -4.456471651792526245e-02 1.821275502443313599e-01 -1.098782777786254883e+00 -1.025192856788635254e+00 -1.649334907531738281e+00 1.219354048371315002e-01 -1.281096458435058594e+00 7.646780014038085938e-01 -2.754790782928466797e-01 1.688009977340698242e+00 -2.444645166397094727e+00 1.101596951484680176e+00 -1.071987032890319824e+00 -5.368500947952270508e-01 5.767437815666198730e-01 -3.832877278327941895e-01 7.942581772804260254e-01 -1.944280028343200684e+00 8.046029210090637207e-01 4.197689890861511230e-01 -7.634609937667846680e-01 -1.389481425285339355e+00 -1.153209209442138672e+00 -1.518602848052978516e+00 8.905568718910217285e-01 6.191984191536903381e-02 -5.742415189743041992e-01 -2.323130965232849121e-01 7.158526778221130371e-02 5.218340754508972168e-01 -1.043397665023803711e+00 5.728566646575927734e-01 -1.679339885711669922e+00 -1.616745114326477051e+00 -1.068434476852416992e+00 1.068311706185340881e-01 -3.609887659549713135e-01 8.022066950798034668e-01 -3.192873895168304443e-01 1.901857376098632812e+00 -2.649962306022644043e-01 3.153104484081268311e-01 1.581057459115982056e-01 -2.263280898332595825e-01 8.001484274864196777e-01 -3.783904388546943665e-02 -1.149011015892028809e+00 2.525520622730255127e-01 -1.427848339080810547e+00 -7.316403985023498535e-01 7.049617171287536621e-01 -4.906804263591766357e-01 2.346610575914382935e-01 -4.017283916473388672e-01 7.933796048164367676e-01 -3.645173907279968262e-01 1.010887503623962402e+00 -8.061250448226928711e-01 -4.852115362882614136e-02 -5.266740322113037109e-01 -5.393427982926368713e-02 -2.795423865318298340e-01 -1.057735085487365723e+00 1.717802405357360840e+00 -4.510656595230102539e-01 2.203962802886962891e-01 -6.445815563201904297e-01 -1.169892311096191406e+00 2.202819138765335083e-01 -2.875534445047378540e-02 1.296261668205261230e+00 5.660995841026306152e-01 5.628055930137634277e-01 6.556062698364257812e-01 2.855627238750457764e-01 -4.195880591869354248e-01 3.081483840942382812e-01 -2.658802270889282227e-01 -5.923517942428588867e-01 1.241613864898681641e+00 1.355350732803344727e+00 2.025064229965209961e+00 -3.341245353221893311e-01 5.510567426681518555e-01
