4.885446131229400635e-01 -2.618043184280395508e+00 -8.287039995193481445e-01 1.740416169166564941e+00 -1.298185586929321289e+00 3.390091061592102051e-01 -8.856495022773742676e-01 -4.973253011703491211e-01 -4.246144294738769531e-01 -3.498904705047607422e-01 -1.957718282938003540e-01 -9.812521934509277344e-02 3.022459745407104492e-01 -5.648450255393981934e-01 -1.593934535980224609e+00 4.658024013042449951e-01 -4.937998056411743164e-01 -9.284363389015197754e-01 1.059688031673431396e-01 1.252598047256469727e+00 1.072971615940332413e-02 -6.279677152633666992e-01 -3.277193009853363037e-01 -3.382455408573150635e-01 -6.102114915847778320e-01 -9.453505277633666992e-01 -3.573305308818817139e-01 4.995686709880828857e-01 6.272659301757812500e-01 -1.502587080001831055e+00 -9.414595365524291992e-01 -4.646001756191253662e-01 1.205332577228546143e-01 -6.152001023292541504e-01 -9.274456501007080078e-01 -1.793146431446075439e-01 -2.734200954437255859e+00 1.678559780120849609e+00 -2.181795597076416016e+00 -6.829106062650680542e-02 -1.947697639465332031e+00 -2.370214015245437622e-01 9.628314971923828125e-01 1.230493664741516113e+00 -8.654755353927612305e-01 1.336980342864990234e+00 1.614272445440292358e-01 -1.921942085027694702e-01 1.650292038917541504e+00 -5.688667297363281250e-01 8.245625495910644531e-01 5.723271965980529785e-01 1.252498179674148560e-01 -7.055279612541198730e-01 -1.660593628883361816e+00 -8.545730113983154297e-01 2.162145376205444336e+00 -2.345793545246124268e-01 1.543787598609924316e+00 2.618702352046966553e-01 -1.241358160972595215e+00 8.305894136428833008e-01 -2.917224764823913574e-01 -8.137152791023254395e-01 1.400370836257934570e+00 2.010615020990371704e-01 -4.960065707564353943e-02 -2.128468990325927734e+00 -9.285260438919067383e-01 6.607363820075988770e-01 -4.303167760372161865e-01 -4.372294843196868896e-01 9.889223426580429077e-02 2.020705640316009521e-01 -2.220800332725048065e-02 1.025945544242858887e+00 -7.560809850692749023e-01 -2.433980405330657959e-01 -1.096605435013771057e-01 -8.751115202903747559e-01 8.603556156158447266e-01 2.111210376024246216e-01 7.918075323104858398e-01 8.110458850860595703e-01 -1.676398634910583496e+00 -1.999122977256774902e+00 -5.916567984968423843e-03 6.284515261650085449e-01 -1.503464877605438232e-01 -9.865173697471618652e-01 2.207643091678619385e-01 1.670516133308410645e+00 -1.379586815834045410e+00 -1.713522076606750488e-01 9.262015819549560547e-01 5.071303248405456543e-01 -3.580578863620758057e-01 -7.907580137252807617e-01 2.389128059148788452e-01 -8.376214504241943359e-01
5.641607046127319336e-01 -2.607332229614257812e+00 -9.009904861450195312e-01 1.599379301071166992e+00 -1.576953291893005371e+00 2.283709049224853516e-01 -6.203467249870300293e-01 -2.167168557643890381e-01 -4.443223178386688232e-01 -2.986499369144439697e-01 -1.353480219841003418e-01 -2.742244005203247070e-01 2.745251357555389404e-01 -6.078577637672424316e-01 -1.646307110786437988e+00 3.841465413570404053e-01 -5.664147734642028809e-01 -1.068228602409362793e+00 1.161733493208885193e-01 1.321403622627258301e+00 1.679805219173431396e-01 -4.164679348468780518e-01 -3.095814585685729980e-01 -4.215627610683441162e-01 -6.899679899215698242e-01 -8.323492407798767090e-01 -9.283354133367538452e-02 2.015594840049743652e-01 7.398298978805541992e-01 -1.752611160278320312e+00 -6.296384334564208984e-01 -5.960609912872314453e-01 1.257900297641754150e-01 -6.026298999786376953e-01 -8.135180473327636719e-01 -6.939040124416351318e-02 -2.785372734069824219e+00 1.647930622100830078e+00 -2.195497035980224609e+00 -3.139105737209320068e-01 -2.079520463943481445e+00 -4.175951182842254639e-01 1.102980017662048340e+00 1.160881638526916504e+00 -8.226525783538818359e-01 1.300510287284851074e+00 -3.807714954018592834e-02 -1.766414344310760498e-01 1.748317122459411621e+00 -3.341921567916870117e-01 7.204095721244812012e-01 7.298202514648437500e-01 2.630307674407958984e-01 -5.417525172233581543e-01 -1.752267241477966309e+00 -8.114867806434631348e-01 2.339752435684204102e+00 -1.753074824810028076e-01 1.380063176155090332e+00 4.751761853694915771e-01 -1.092126369476318359e+00 5.601158738136291504e-01 -2.390820831060409546e-01 -8.258527517318725586e-01 1.226411938667297363e+00 3.428852260112762451e-01 3.285229578614234924e-02 -2.209061622619628906e+00 -7.570927739143371582e-01 7.185176014900207520e-01 -5.516980886459350586e-01 -5.150272250175476074e-01 -3.011287935078144073e-02 3.220950067043304443e-01 -4.043794795870780945e-02 8.399360775947570801e-01 -7.433012723922729492e-01 -6.438475847244262695e-02 2.140500582754611969e-02 -7.294652462005615234e-01 7.986593842506408691e-01 2.458117455244064331e-01 9.343063235282897949e-01 8.762418627738952637e-01 -1.823470115661621094e+00 -1.854972243309020996e+00 -3.578907251358032227e-02 5.502504110336303711e-01 -4.729016423225402832e-01 -9.925395846366882324e-01 4.501333236694335938e-01 1.578456401824951172e+00 -1.368171334266662598e+00 -1.908734142780303955e-01 7.278853654861450195e-01 4.374693334102630615e-01 -1.777448952198028564e-01 -8.283024430274963379e-01 2.958853244781494141e-01 -9.743427038192749023e-01
4.452718496322631836e-01 -2.687184572219848633e+00 -9.970333576202392578e-01 1.820460081100463867e+00 -1.401075363159179688e+00 2.176959216594696045e-01 -8.619390726089477539e-01 -4.177809059619903564e-01 -6.005833148956298828e-01 -1.261992454528808594e-01 -8.795894682407379150e-02 -3.373584747314453125e-01 1.309835761785507202e-01 -7.404597401618957520e-01 -1.737406969070434570e+00 2.090068608522415161e-01 -4.315501153469085693e-01 -1.039694547653198242e+00 8.873320370912551880e-02 1.450766682624816895e+00 1.853073984384536743e-01 -5.176217555999755859e-01 -1.604308933019638062e-01 -4.000650942325592041e-01 -6.562021970748901367e-01 -9.158809781074523926e-01 -1.521535813808441162e-01 5.041529536247253418e-01 6.232529282569885254e-01 -1.225993633270263672e+00 -8.781803846359252930e-01 -5.233300328254699707e-01 2.173936069011688232e-01 -6.509567499160766602e-01 -9.748154878616333008e-01 1.331889182329177856e-01 -2.559358119964599609e+00 1.453187465667724609e+00 -2.227674245834350586e+00 -1.282863691449165344e-02 -2.196445941925048828e+00 -5.202030539512634277e-01 9.936490058898925781e-01 1.317103981971740723e+00 -8.266185522079467773e-01 1.542914152145385742e+00 -9.785836935043334961e-02 -3.024873435497283936e-01 1.730570077896118164e+00 -4.524912238121032715e-01 5.209601521492004395e-01 6.229746937751770020e-01 2.946247160434722900e-01 -5.544222593307495117e-01 -1.608947277069091797e+00 -6.642451286315917969e-01 2.114156007766723633e+00 -2.710312604904174805e-01 1.388988852500915527e+00 2.280998677015304565e-01 -1.053883433341979980e+00 6.839743852615356445e-01 -3.281603157520294189e-01 -7.915434241294860840e-01 1.431476950645446777e+00 3.102134764194488525e-01 1.489429324865341187e-01 -2.160491704940795898e+00 -9.648337364196777344e-01 4.765250682830810547e-01 -3.826497495174407959e-01 -6.463363170623779297e-01 1.703640371561050415e-01 4.268437325954437256e-01 9.732688218355178833e-02 9.072915911674499512e-01 -8.914822936058044434e-01 -3.463201224803924561e-02 -2.532196789979934692e-02 -8.704317212104797363e-01 6.741424798965454102e-01 2.774405777454376221e-01 8.312538266181945801e-01 8.643482327461242676e-01 -1.727695703506469727e+00 -1.878370285034179688e+00 -8.039829134941101074e-02 5.272324681282043457e-01 -2.292934060096740723e-01 -1.148657679557800293e+00 2.847867608070373535e-01 1.589690208435058594e+00 -1.362455725669860840e+00 -2.910022437572479248e-01 8.674362897872924805e-01 4.573586285114288330e-01 -2.700171768665313721e-01 -7.614036798477172852e-01 3.276304304599761963e-01 -1.000808715820312500e+00
2.848232388496398926e-01 -2.593002796173095703e+00 -1.107648849487304688e+00 1.632803916931152344e+00 -1.288456082344055176e+00 1.391804963350296021e-01 -8.010230064392089844e-01 -3.236442208290100098e-01 -5.666298270225524902e-01 -3.028790466487407684e-02 -2.698796093463897705e-01 -3.541721105575561523e-01 8.522880822420120239e-02 -7.359863519668579102e-01 -1.823344826698303223e+00 4.041597545146942139e-01 -4.677067697048187256e-01 -1.055894017219543457e+00 4.659444466233253479e-02 1.228175044059753418e+00 1.909709572792053223e-01 -4.258689284324645996e-01 -2.779566347599029541e-01 -3.890255391597747803e-01 -6.812794208526611328e-01 -9.441468119621276855e-01 -3.481499254703521729e-01 4.401901364326477051e-01 6.564959883689880371e-01 -1.469135403633117676e+00 -8.136233687400817871e-01 -5.696792602539062500e-01 2.587570250034332275e-01 -7.611713409423828125e-01 -8.564460873603820801e-01 -2.659247517585754395e-01 -2.730247497558593750e+00 1.681630134582519531e+00 -2.128810405731201172e+00 -1.367301940917968750e-01 -1.988075971603393555e+00 -3.959164917469024658e-01 8.221625089645385742e-01 1.008877873420715332e+00 -7.501468658447265625e-01 1.427850246429443359e+00 -1.144131571054458618e-01 -1.089140027761459351e-01 1.571963787078857422e+00 -5.322885513305664062e-01 7.396968603134155273e-01 5.837579965591430664e-01 3.492390513420104980e-01 -4.212088286876678467e-01 -1.881252169609069824e+00 -6.114536523818969727e-01 2.259023666381835938e+00 -1.829940825700759888e-01 1.337365269660949707e+00 2.844373285770416260e-01 -1.167852759361267090e+00 8.217793703079223633e-01 -1.664781272411346436e-01 -6.218867897987365723e-01 1.406413912773132324e+00 3.107722997665405273e-01 5.770769342780113220e-02 -2.201087236404418945e+00 -8.951209187507629395e-01 7.907050251960754395e-01 -5.273599028587341309e-01 -5.499303936958312988e-01 1.422497928142547607e-01 3.941334784030914307e-01 3.164711222052574158e-02 9.680907726287841797e-01 -5.794953703880310059e-01 -1.648920401930809021e-02 -7.729935646057128906e-02 -8.589525818824768066e-01 7.231635451316833496e-01 3.409027755260467529e-01 1.040483236312866211e+00 8.426579236984252930e-01 -1.665386557579040527e+00 -1.994764328002929688e+00 1.447080522775650024e-01 6.422999501228332520e-01 -1.822803765535354614e-01 -1.093487977981567383e+00 1.975116580724716187e-01 1.581241130828857422e+00 -1.185641646385192871e+00 -2.021779268980026245e-01 9.995504617691040039e-01 3.125286698341369629e-01 -3.067587912082672119e-01 -8.142964839935302734e-01 3.563060164451599121e-01 -9.064521193504333496e-01
4.504451155662536621e-01 -2.535494565963745117e+00 -9.730406999588012695e-01 1.860184431076049805e+00 -1.242534160614013672e+00 2.716234922409057617e-01 -8.101987242698669434e-01 -3.639846742153167725e-01 -5.246148109436035156e-01 6.715272553265094757e-03 -1.081045940518379211e-01 -2.919219732284545898e-01 2.072915583848953247e-01 -7.514510154724121094e-01 -1.724147677421569824e+00 2.414673119783401489e-01 -4.796657562255859375e-01 -9.139610528945922852e-01 1.237616911530494690e-01 1.396557688713073730e+00 2.933635711669921875e-01 -3.427023291587829590e-01 -2.529102563858032227e-01 -2.798310816287994385e-01 -8.567778468132019043e-01 -9.014122486114501953e-01 -6.092198565602302551e-02 4.234984219074249268e-01 4.526790380477905273e-01 -1.381441593170166016e+00 -8.669623136520385742e-01 -6.841707825660705566e-01 3.359118103981018066e-01 -3.045038580894470215e-01 -8.894802331924438477e-01 -1.723006665706634521e-01 -2.541424274444580078e+00 1.662627935409545898e+00 -2.171079397201538086e+00 -1.655228435993194580e-01 -2.080572605133056641e+00 -3.685068488121032715e-01 9.155846238136291504e-01 1.334972500801086426e+00 -8.869156837463378906e-01 1.570326209068298340e+00 2.684121765196323395e-02 -2.771144807338714600e-01 1.416764974594116211e+00 -4.865905642509460449e-01 6.633670330047607422e-01 6.029121279716491699e-01 4.119779169559478760e-01 -3.412103950977325439e-01 -1.801437258720397949e+00 -7.664790153503417969e-01 2.188904047012329102e+00 -4.140147864818572998e-01 1.344961166381835938e+00 3.551539480686187744e-01 -1.159737706184387207e+00 6.527268886566162109e-01 -1.632302552461624146e-01 -7.123647332191467285e-01 1.341913938522338867e+00 1.324083656072616577e-01 1.541377156972885132e-01 -2.264563798904418945e+00 -1.080398917198181152e+00 7.222136855125427246e-01 -5.071767568588256836e-01 -4.822552800178527832e-01 5.002868827432394028e-03 1.357356458902359009e-01 1.774701289832592010e-02 1.066058397293090820e+00 -8.213918805122375488e-01 -1.877397149801254272e-01 3.422584757208824158e-02 -1.006665587425231934e+00 8.171919584274291992e-01 2.405455708503723145e-01 9.000037908554077148e-01 8.310464024543762207e-01 -1.763489961624145508e+00 -2.011953592300415039e+00 1.356227975338697433e-02 6.277293562889099121e-01 -1.795147061347961426e-01 -1.188982963562011719e+00 2.901127040386199951e-01 1.511477231979370117e+00 -1.411942124366760254e+00 -3.326819837093353271e-01 9.161483049392700195e-01 2.252189666032791138e-01 -3.078418672084808350e-01 -7.454873919486999512e-01 2.312611639499664307e-01 -9.395319223403930664e-01
4.853442609310150146e-01 -2.568494558334350586e+00 -8.693306446075439453e-01 1.749724507331848145e+00 -1.357372403144836426e+00 3.311558067798614502e-01 -8.533759713172912598e-01 -3.392162621021270752e-01 -2.736789286136627197e-01 -8.454115688800811768e-02 -2.898966968059539795e-01 -2.617971897125244141e-01 8.869225531816482544e-02 -8.299400806427001953e-01 -1.497047543525695801e+00 3.568880856037139893e-01 -5.676819086074829102e-01 -8.338998556137084961e-01 2.671773731708526611e-02 1.412038803100585938e+00 1.486786901950836182e-01 -5.632134079933166504e-01 -1.603395789861679077e-01 -5.582565069198608398e-01 -4.876160621643066406e-01 -1.095063447952270508e+00 -1.362572908401489258e-01 4.193763732910156250e-01 6.220534443855285645e-01 -1.430871844291687012e+00 -7.128724455833435059e-01 -5.842368006706237793e-01 4.705016687512397766e-02 -4.820664823055267334e-01 -9.568901658058166504e-01 -1.268821060657501221e-01 -2.564078092575073242e+00 1.653867721557617188e+00 -2.145448207855224609e+00 -3.020100854337215424e-02 -2.001841783523559570e+00 -3.988062143325805664e-01 8.409144282341003418e-01 1.210190176963806152e+00 -8.494582772254943848e-01 1.576667547225952148e+00 -7.623562961816787720e-02 2.031755167990922928e-03 1.537868618965148926e+00 -5.725606679916381836e-01 7.008196711540222168e-01 4.307288229465484619e-01 4.343850910663604736e-01 -6.204112768173217773e-01 -1.695139884948730469e+00 -6.577844023704528809e-01 2.269805669784545898e+00 -2.216691970825195312e-01 1.463379740715026855e+00 2.953143417835235596e-01 -1.252166628837585449e+00 6.293237805366516113e-01 -3.397465348243713379e-01 -6.769039034843444824e-01 1.340684890747070312e+00 3.021245002746582031e-01 1.520877331495285034e-01 -2.265765190124511719e+00 -9.971500635147094727e-01 5.836433768272399902e-01 -3.796285092830657959e-01 -7.631704807281494141e-01 1.021271944046020508e-02 2.761316895484924316e-01 1.007587760686874390e-01 9.718992710113525391e-01 -7.363014817237854004e-01 -2.452576756477355957e-01 -1.949614286422729492e-01 -6.955475211143493652e-01 6.752862334251403809e-01 4.665628969669342041e-01 1.154918670654296875e+00 8.169118165969848633e-01 -1.624757766723632812e+00 -1.848165035247802734e+00 -2.285431401105597615e-04 5.059932470321655273e-01 -3.984372913837432861e-01 -1.189036965370178223e+00 2.781260311603546143e-01 1.610183119773864746e+00 -1.309863209724426270e+00 -2.154102027416229248e-01 8.185412287712097168e-01 2.644989192485809326e-01 -3.420208394527435303e-01 -7.388345599174499512e-01 3.346653282642364502e-01 -9.642255306243896484e-01
3.471918702125549316e-01 -2.818131685256958008e+00 -1.070097088813781738e+00 1.545985937118530273e+00 -1.642917513847351074e+00 3.372900784015655518e-01 -8.004384040832519531e-01 -2.912546098232269287e-01 -4.633218050003051758e-01 -1.685259491205215454e-01 -2.563762962818145752e-01 -1.290594637393951416e-01 2.411021143198013306e-01 -6.739917993545532227e-01 -1.853058099746704102e+00 3.640582561492919922e-01 -5.251585245132446289e-01 -1.154404163360595703e+00 5.381087958812713623e-02 1.325392723083496094e+00 -1.114986254833638668e-03 -4.839186072349548340e-01 -1.960144788026809692e-01 -3.639871180057525635e-01 -6.455878019332885742e-01 -8.277714252471923828e-01 -2.138667702674865723e-01 5.382158756256103516e-01 3.509391546249389648e-01 -1.383250117301940918e+00 -7.994880080223083496e-01 -5.426345467567443848e-01 1.072852611541748047e-01 -6.548660993576049805e-01 -9.515684843063354492e-01 -1.325381547212600708e-01 -2.596483469009399414e+00 1.867145895957946777e+00 -2.130803823471069336e+00 -1.499123871326446533e-02 -2.031647205352783203e+00 -4.872104525566101074e-01 1.026624560356140137e+00 1.228413224220275879e+00 -6.130414605140686035e-01 1.255073428153991699e+00 1.137010455131530762e-01 -1.440543830394744873e-01 1.629050374031066895e+00 -4.916370213031768799e-01 6.870862245559692383e-01 5.508182048797607422e-01 4.207761883735656738e-01 -7.430654168128967285e-01 -1.794979453086853027e+00 -7.348071932792663574e-01 2.240131378173828125e+00 -5.495299696922302246e-01 1.346041321754455566e+00 3.780195116996765137e-01 -1.117670178413391113e+00 6.836802363395690918e-01 -2.544979751110076904e-01 -7.283936738967895508e-01 1.507798433303833008e+00 3.924727439880371094e-01 1.404532045125961304e-01 -2.298784732818603516e+00 -7.123076319694519043e-01 5.416876077651977539e-01 -6.183981895446777344e-01 -4.693122506141662598e-01 1.065573096275329590e-02 2.140584290027618408e-01 -6.273058056831359863e-02 9.336082935333251953e-01 -7.250734567642211914e-01 -2.080099880695343018e-01 -2.247732579708099365e-01 -8.707154989242553711e-01 7.942702174186706543e-01 2.475644201040267944e-01 8.607565164566040039e-01 8.469376564025878906e-01 -1.696975946426391602e+00 -2.018055677413940430e+00 -5.221262946724891663e-02 5.898563265800476074e-01 -3.458140790462493896e-01 -1.049042820930480957e+00 3.231640756130218506e-01 1.567993879318237305e+00 -1.431813120841979980e+00 -1.342176645994186401e-01 9.284468889236450195e-01 1.816154569387435913e-01 -3.388512432575225830e-01 -8.725026845932006836e-01 3.528091609477996826e-01 -9.117327332496643066e-01
4.055385589599609375e-01 -2.587818145751953125e+00 -8.196118474006652832e-01 1.774934172630310059e+00 -1.273429393768310547e+00 6.316629052162170410e-02 -8.036714196205139160e-01 -2.718645036220550537e-01 -4.746899604797363281e-01 -2.745477855205535889e-01 -1.734912097454071045e-01 -2.921451628208160400e-01 5.089442804455757141e-02 -5.818117856979370117e-01 -1.700778603553771973e+00 2.968657910823822021e-01 -6.439637541770935059e-01 -9.108005762100219727e-01 9.830299019813537598e-02 1.476907372474670410e+00 2.210971564054489136e-01 -5.509824752807617188e-01 -1.039377450942993164e-01 -5.807791948318481445e-01 -5.595201849937438965e-01 -9.174330830574035645e-01 -7.671879976987838745e-02 3.389919400215148926e-01 6.962185502052307129e-01 -1.508601665496826172e+00 -8.313351869583129883e-01 -5.628281831741333008e-01 2.401918023824691772e-01 -5.142822861671447754e-01 -9.587845802307128906e-01 -1.222708225250244141e-01 -2.664835691452026367e+00 1.632093667984008789e+00 -2.392556190490722656e+00 -1.024354398250579834e-01 -2.060365438461303711e+00 -3.973095715045928955e-01 1.109824061393737793e+00 1.193290948867797852e+00 -6.664220094680786133e-01 1.489154577255249023e+00 -6.954823434352874756e-02 -1.889204531908035278e-01 1.708473205566406250e+00 -4.682863652706146240e-01 7.583562731742858887e-01 6.048283576965332031e-01 2.424778789281845093e-01 -5.526784062385559082e-01 -1.654594779014587402e+00 -7.867611646652221680e-01 2.260978460311889648e+00 -3.811977803707122803e-01 1.511605739593505859e+00 2.045039832592010498e-01 -1.071457505226135254e+00 8.074010014533996582e-01 -1.905688345432281494e-01 -6.382870674133300781e-01 1.426536440849304199e+00 4.572777748107910156e-01 1.760369539260864258e-01 -2.030871629714965820e+00 -1.050616860389709473e+00 4.772071242332458496e-01 -6.996161341667175293e-01 -5.305664539337158203e-01 2.428769320249557495e-02 2.572530508041381836e-01 -5.603899806737899780e-02 1.108384370803833008e+00 -8.308642506599426270e-01 -7.357388269156217575e-03 -6.312397122383117676e-02 -8.121904134750366211e-01 7.486667633056640625e-01 3.350820243358612061e-01 8.630685806274414062e-01 8.855867385864257812e-01 -1.490879058837890625e+00 -1.890521287918090820e+00 -1.309576630592346191e-01 6.163348555564880371e-01 -1.611135751008987427e-01 -1.122734427452087402e+00 2.295836210250854492e-01 1.515324354171752930e+00 -1.265418767929077148e+00 -8.555488288402557373e-02 9.474766254425048828e-01 2.474755197763442993e-01 -4.206191897392272949e-01 -8.577334880828857422e-01 5.199739933013916016e-01 -9.707590937614440918e-01
2.926587164402008057e-01 -2.640132665634155273e+00 -9.687653779983520508e-01 1.570666313171386719e+00 -1.357618927955627441e+00 1.081994473934173584e-01 -9.207103252410888672e-01 -2.989435791969299316e-01 -5.338260531425476074e-01 -3.587426245212554932e-01 -1.052079722285270691e-01 -7.994415611028671265e-02 1.432888805866241455e-01 -5.367453694343566895e-01 -1.707920312881469727e+00 1.874429583549499512e-01 -5.675044059753417969e-01 -1.001989364624023438e+00 2.057218998670578003e-01 1.277843832969665527e+00 1.664748191833496094e-01 -5.214132070541381836e-01 -2.597429454326629639e-01 -4.264992475509643555e-01 -6.705843806266784668e-01 -1.022910833358764648e+00 -2.211796939373016357e-01 3.946434855461120605e-01 4.735350012779235840e-01 -1.461619377136230469e+00 -9.005441069602966309e-01 -5.676957368850708008e-01 1.135119199752807617e-01 -5.959932804107666016e-01 -9.488967061042785645e-01 -1.026567518711090088e-01 -2.581282615661621094e+00 1.510766029357910156e+00 -2.093518972396850586e+00 -1.111338883638381958e-01 -1.850934505462646484e+00 -2.427158951759338379e-01 9.430602192878723145e-01 1.184933662414550781e+00 -7.015684247016906738e-01 1.392004013061523438e+00 1.807572878897190094e-02 -2.455245107412338257e-01 1.777436494827270508e+00 -6.602905392646789551e-01 7.222816348075866699e-01 7.395455837249755859e-01 4.651095867156982422e-01 -5.757252573966979980e-01 -1.872871398925781250e+00 -8.251675367355346680e-01 2.208294868469238281e+00 -2.674919366836547852e-01 1.575448393821716309e+00 2.348734587430953979e-01 -1.001700401306152344e+00 7.244781255722045898e-01 -2.516271173954010010e-01 -6.809186935424804688e-01 1.294640421867370605e+00 3.385034799575805664e-01 5.503689870238304138e-02 -2.217314004898071289e+00 -1.030014276504516602e+00 6.159333586692810059e-01 -4.106806814670562744e-01 -4.676133990287780762e-01 2.155543267726898193e-01 3.215446770191192627e-01 -2.577658593654632568e-01 9.268886446952819824e-01 -7.214438915252685547e-01 -2.333698421716690063e-01 -7.411751151084899902e-02 -8.621134161949157715e-01 7.773165106773376465e-01 4.253946542739868164e-01 8.835307359695434570e-01 8.309080004692077637e-01 -1.835217237472534180e+00 -1.744932293891906738e+00 8.543639630079269409e-02 6.636930704116821289e-01 -3.296117484569549561e-01 -1.098290681838989258e+00 2.297650277614593506e-01 1.479092478752136230e+00 -1.374945163726806641e+00 -2.313380688428878784e-01 7.130338549613952637e-01 1.295772194862365723e-01 -2.912742793560028076e-01 -9.784275293350219727e-01 1.118533015251159668e-01 -9.267041087150573730e-01
3.111686110496520996e-01 -2.559602737426757812e+00 -9.432273507118225098e-01 1.838606595993041992e+00 -1.414397597312927246e+00 2.647669315338134766e-01 -6.901199221611022949e-01 -5.636471509933471680e-01 -5.349472761154174805e-01 -1.222200468182563782e-01 -1.397635042667388916e-01 -1.812715232372283936e-01 2.096315920352935791e-01 -5.276108384132385254e-01 -1.449726700782775879e+00 3.297534286975860596e-01 -5.248255729675292969e-01 -8.837717771530151367e-01 -2.303389832377433777e-02 1.330206990242004395e+00 2.817808389663696289e-01 -4.856774806976318359e-01 -3.143669962882995605e-01 -6.106056571006774902e-01 -6.643856167793273926e-01 -1.015866756439208984e+00 -4.504547268152236938e-02 4.642920494079589844e-01 5.613844394683837891e-01 -1.511819005012512207e+00 -7.831459641456604004e-01 -6.169486045837402344e-01 1.900261044502258301e-01 -6.907511353492736816e-01 -8.452171683311462402e-01 -8.730976283550262451e-02 -2.790438652038574219e+00 1.646238803863525391e+00 -2.252111673355102539e+00 -5.393716692924499512e-02 -2.097102642059326172e+00 -4.013270437717437744e-01 1.082994580268859863e+00 1.251136183738708496e+00 -8.028283119201660156e-01 1.382465243339538574e+00 -4.788593389093875885e-03 1.675484776496887207e-01 1.574783921241760254e+00 -4.502723813056945801e-01 7.611240148544311523e-01 5.729162096977233887e-01 4.184755384922027588e-01 -7.449057102203369141e-01 -1.824237465858459473e+00 -6.257038116455078125e-01 2.213587760925292969e+00 -3.026389479637145996e-01 1.399611711502075195e+00 1.869161427021026611e-01 -1.069331407546997070e+00 7.956374883651733398e-01 -1.067419350147247314e-01 -8.181790709495544434e-01 1.414343118667602539e+00 3.487947583198547363e-01 2.149364948272705078e-01 -2.133744478225708008e+00 -6.013690829277038574e-01 6.172899603843688965e-01 -4.221175611019134521e-01 -6.927921772003173828e-01 1.299799680709838867e-01 2.440772056579589844e-01 6.139647215604782104e-03 8.395872712135314941e-01 -6.021925210952758789e-01 -2.118748873472213745e-01 5.965167656540870667e-02 -8.790046572685241699e-01 5.958355665206909180e-01 1.725656986236572266e-01 9.373532533645629883e-01 7.454141974449157715e-01 -1.651829361915588379e+00 -1.849429249763488770e+00 4.788159579038619995e-02 5.675037503242492676e-01 -5.030373334884643555e-01 -1.094833970069885254e+00 1.319640576839447021e-01 1.720226407051086426e+00 -1.231006026268005371e+00 -1.423169225454330444e-01 7.942640781402587891e-01 2.631745338439941406e-01 -3.554979860782623291e-01 -6.995651721954345703e-01 2.012257874011993408e-01 -9.842817783355712891e-01
